,0,1,2,3,4,5
0,0.043318730136909775,0.20019881285872163,0.28924825717949454,0.19155959369457992,0.07769714922069311,0.19797745690960133
1,0.042768630253544965,0.1943348472803882,0.3060354905924349,0.18689515761098743,0.08067481582197451,0.1892910584406711
2,0.04401691521019694,0.19103698140506725,0.31419077626271913,0.18642019285513944,0.07984839911024928,0.18448673515662883
3,0.045802153462579355,0.19125257043568658,0.3209913151073849,0.18912403996612598,0.07780529627136033,0.175024624756864
4,0.047366372713667115,0.1946398930495422,0.32755735565615024,0.19295354115039762,0.07590174326619628,0.16158109416404548
5,0.04868765077413427,0.19860749888334597,0.33422755233969487,0.19690810890145682,0.07437608350226006,0.14719310559910576
6,0.04994136717581767,0.20253935452633906,0.3407719431517182,0.2007702096907085,0.07299763347585829,0.13297949197955766
7,0.05122444106811811,0.20629420240786245,0.34701334890983837,0.2044458014355035,0.0716217865102421,0.11940041966843676
8,0.05259247913940326,0.20980545061607414,0.35283819258406696,0.20787242058682395,0.07017423581307818,0.10671722126055386
9,0.05410245789694328,0.21302620602823613,0.3581630946357887,0.21100219640936738,0.06859176006381895,0.09511428496584498
10,0.05582937419799597,0.2159231166773841,0.362928314406648,0.2138001833832399,0.06679699963441488,0.0847220117003184
11,0.05786961255958183,0.21847845235695373,0.36710080834134085,0.216246803164544,0.06469261705066086,0.0756117065269167
12,0.060328809646283774,0.22069230444030435,0.3706773598556271,0.21833987960955722,0.06217335221501955,0.0677882942332075
13,0.0632785264682066,0.22258258067749048,0.3736840327751199,0.2200943752966278,0.059169687047678395,0.06119079773487875
14,0.06668083369598533,0.2241824206248873,0.3761711822110356,0.22153946418708528,0.055722906678665717,0.05570319260233941
15,0.0703440836284447,0.22553581898947708,0.37820522054379246,0.22271367145255094,0.0520278522471785,0.05117335313855511
16,0.07399071156184896,0.2266928462639874,0.37985933266001376,0.22365937894160903,0.04836337131963876,0.04743435925290222
17,0.07738829735637955,0.22770578200491717,0.3812051377822175,0.22441786933159932,0.04496095769369635,0.04432195583118901
18,0.0804188280365454,0.22862704990383972,0.38230636864515855,0.22502553119497357,0.04193668064991262,0.04168554156956878
19,0.08306304897183099,0.22950963729373558,0.3832146925257449,0.22551129212079699,0.03930774604483851,0.039393583043051884
20,0.08535786019998706,0.23041082044415265,0.3839667951216656,0.22589475736455752,0.037035252686632575,0.037334514183006
21,0.08736414579418897,0.2314006972756563,0.3845805326800932,0.22618374747090655,0.03505650901238943,0.03541436776676614
22,0.08914882203693583,0.23257925270044208,0.3850460094198025,0.22636876990300545,0.033303288804261,0.033553857135553165
23,0.09077574575298908,0.23411137858253392,0.3853032104321972,0.22640947402005868,0.03171110927697873,0.03168908193524058
24,0.09230109846146144,0.23630231114323852,0.3851873096094446,0.2262020011863859,0.03022394658905872,0.029783333010412583
25,0.09377003622173814,0.23976109598300704,0.38430033711622896,0.22550317655659854,0.028798480484375926,0.02786687363805275
26,0.09521128837272451,0.24571249678292414,0.3817518584983379,0.22377905804152542,0.027414712606500517,0.026130585697986448
27,0.09662464975617042,0.25628146312354094,0.37594447316447266,0.22008554845052877,0.0261091103285893,0.02495475517669813
28,0.09795081874888288,0.27321986906077184,0.36572578671628636,0.21376183027695791,0.025000555356289273,0.024341139840811085
29,0.09904457734777171,0.2931727610751756,0.3534000929608579,0.20619965338111018,0.02411314892297325,0.02406976631210845
30,0.09983177731196521,0.3099158280047257,0.3429744647951022,0.1997862492094107,0.023426971551359522,0.02406470912743467
31,0.10035412308575307,0.32208398406630234,0.3353781596961839,0.1950677330520981,0.0229011086055997,0.02421489149406155
32,0.10069206566372521,0.33128228258497966,0.32964139695827505,0.1914518926007009,0.022470867951560367,0.024461494240759503
33,0.10092869341754147,0.3391396855412067,0.32476384921727974,0.18831968603728463,0.022070307202475135,0.024777778584212148
34,0.10112581361485591,0.3466742864074376,0.3201261273943205,0.18526817411342866,0.021672411004746015,0.025133187465211093
35,0.10130994798171161,0.3544612964758596,0.3153956485879061,0.18205134511559795,0.021308257459998245,0.025473504378925337
36,0.10147125529295688,0.3628299712345016,0.3104098140994605,0.17850696226938137,0.021031547194713115,0.025750449908986957
37,0.10158937463154873,0.37196081593674335,0.30511750221518813,0.17452080567407297,0.02085802004306493,0.025953481499380978
38,0.10165877455401667,0.38190383038906317,0.2995569073625706,0.17001745141774915,0.020763353969172546,0.026099682307428918
39,0.1016950822081001,0.3925782743970125,0.29384285909497115,0.1649686410819426,0.02071615078117629,0.026198992436799552
40,0.10171272804440037,0.4037787591335692,0.2881488189441922,0.15940576172104978,0.02069335084192888,0.026260581314860223
41,0.10172109121850163,0.41520731199844224,0.2826773443469854,0.15341808153920175,0.02068234881387821,0.02629382208299006
42,0.10172507888622527,0.4265270600363915,0.2776253575062512,0.14713769143694866,0.020677042186402754,0.026307769947778222
43,0.10172699125648609,0.4374060021556046,0.2731544210926137,0.1407286628620839,0.02067457485652514,0.02630934777668552
44,0.10172788118300918,0.44753633171491347,0.2693707890595418,0.13438871288728846,0.02067358533916431,0.026302699816081212
45,0.10172824278693761,0.45664353846989525,0.2663127501965992,0.12835207673477333,0.02067340830139038,0.026289983510404392
46,0.10172831524268985,0.4645073068461782,0.263944238176316,0.12287386974792545,0.020673715684871977,0.02627255430202011
47,0.10172821580067626,0.47099801237833305,0.26216293131190865,0.11818469611747812,0.020674339670916364,0.026251804720688575
48,0.10172800384767706,0.4761070685835133,0.26083082875214314,0.11442947319405455,0.020675177789451847,0.026229447833158854
49,0.10172771493175062,0.479944125286479,0.2598163667897984,0.11162830371103344,0.02067614544720805,0.026207343833729715
50,0.10172737806396082,0.48269869041920055,0.259022048465977,0.10968760237501968,0.020677160307723035,0.02618712036811911
51,0.10172702179561315,0.48458934087936906,0.2583855875587721,0.10845003756828003,0.020678145671172272,0.02616986652679181
52,0.10172667332714691,0.48582396501516933,0.25786656654272727,0.10774770371470217,0.020679040190183042,0.026156051210069392
53,0.10172635498962858,0.4865789633914624,0.2574346013489268,0.10743464276489406,0.020679804673561546,0.026145632831525167
54,0.10172608151503425,0.48699359766441264,0.25706424667581707,0.10739740530017851,0.020680422677110195,0.026138246167446123
55,0.10172585951427046,0.48717274917274317,0.2567342214923582,0.10755289633753816,0.02068089620730017,0.026133377275789127
56,0.10172568883355367,0.4871929497158627,0.2564277747160127,0.10784185862978761,0.02068123940043631,0.026130488704345516
57,0.10172556477075363,0.48710883685797024,0.2561327192145958,0.10822231477514972,0.020681472485749273,0.02612909189578047
58,0.10172548026840049,0.48695880838171124,0.25584092974503175,0.108664385646139,0.02068161719822211,0.02612877876049652
59,0.10172542761224587,0.48676953133419126,0.25554754216206504,0.109146577688714,0.020681693885739507,0.026129227317044257
60,0.10172539951808514,0.48655935408131573,0.2552501040353944,0.10965322862492183,0.020681720049861154,0.026130193690420238
61,0.10172538969025482,0.48634080539672286,0.2549478240227672,0.11017277229737747,0.020681709889614156,0.026131498703262288
62,0.10172539300643267,0.48612238437532096,0.25464097568265526,0.11069655874111829,0.020681674440957205,0.026133013753511902
63,0.10172540547857978,0.4859098210109261,0.2543304570823867,0.11121804620355474,0.02068162200516493,0.026134648219385673
64,0.10172542410393566,0.48570695190766794,0.25401748322772516,0.11173224291717754,0.020681558668481582,0.02613633917501556
